==========================================
SLURM_JOB_ID = 17954300
SLURM_JOB_NODELIST = e16-[09-10]
TMPDIR = /tmp/SLURM_17954300
==========================================
Sum= 1.202007400659678 Error= 0.000049502499916
Efficiency= 0.000000520280503 seconds
Sum= 1.202007400659678 Error= 0.000049502499916
Efficiency= 0.001177340127022 seconds
Sum= 1.202007400659678 Error= 0.000049502499916
Efficiency= 0.000321940288793 seconds
Sum= 1.202007400659678 Error= 0.000049502499916
Efficiency= 0.009790546505096 seconds
